  Day Subject Durat Speed Pedal Pulse Trtmt
   1     1      45    1     1     2    112
   1     2      25    2     1     2    212
   1     3      18    2     2     1    221
   2     1      27    2     2     2    222
   2     2      20    2     1     1    211
   2     3      32    2     1     2    212
   3     1      40    2     1     2    212
   3     2      23    2     2     2    222
   3     3      28    1     1     2    112
   4     1      17    2     2     1    221
   4     2      32    1     1     2    112
   4     3      24    1     2     2    122
   5     1      30    2     1     1    211
   5     2      36    1     1     1    111
   5     3      20    2     2     2    222
   6     1      29    1     2     2    122
   6     2      13    2     2     1    221
   6     3      20    1     2     1    121
   7     1      34    1     1     1    111
   7     2      18    1     2     1    121
   7     3      25    2     1     1    211
   8     1      21    1     2     1    121
   8     2      22    1     2     2    122
   8     3      34    1     1     1    111