Subj Day Order O2 O3  Path P2 P3  A B    y
  1   1    1    0  0    1   0  0  1 1  49.321
  1   1    2    0  1    2   0  1  1 2  24.386
  1   1    3    0  2    3   0  2  1 3  37.680
  1   2    4    1  0    4   1  0  2 1  34.291
  1   2    5    1  1    5   1  1  2 2  32.053
  1   2    6    1  2    6   1  2  2 3  43.121
  2   1    1    0  0    2   0  1  1 3  45.469
  2   1    2    0  1    3   0  2  1 1  24.224
  2   1    3    0  2    1   0  0  1 2  29.063
  2   2    4    1  0    5   1  1  2 3  32.020
  2   2    5    1  1    6   1  2  2 1  33.478
  2   2    6    1  2    4   1  0  2 2  36.942
  3   1    1    0  0    3   0  2  1 2  20.378
  3   1    2    0  1    1   0  0  1 3  47.680
  3   1    3    0  2    2   0  1  1 1  39.962
  3   2    4    1  0    6   1  2  2 2  19.876
  3   2    5    1  1    4   1  0  2 3  37.471
  3   2    6    1  2    5   1  1  2 1  27.410
  4   1    1    0  0    1   0  0  2 1  50.088
  4   1    2    0  1    2   0  1  2 2  19.010
  4   1    3    0  2    3   0  2  2 3  28.749
  4   2    4    1  0    4   1  0  1 1  41.306
  4   2    5    1  1    5   1  1  1 2  21.924
  4   2    6    1  2    6   1  2  1 3  41.469
  5   1    1    0  0    2   0  1  2 3  27.452
  5   1    2    0  1    3   0  2  2 1  46.204
  5   1    3    0  2    1   0  0  2 2  42.188
  5   2    4    1  0    5   1  1  1 3  28.919
  5   2    5    1  1    6   1  2  1 1  24.599
  5   2    6    1  2    4   1  0  1 2  28.361
  6   1    1    0  0    3   0  2  2 2  73.913
  6   1    2    0  1    1   0  0  2 3  59.856
  6   1    3    0  2    2   0  1  2 1  73.709
  6   2    4    1  0    6   1  2  1 2  32.315
  6   2    5    1  1    4   1  0  1 3  80.809
  6   2    6    1  2    5   1  1  1 1  36.911
  7   1    1    0  0    4   1  0  2 1  45.506
  7   1    2    0  1    5   1  1  2 2  40.380
  7   1    3    0  2    6   1  2  2 3  37.135
  7   2    4    1  0    1   0  0  1 1  54.271
  7   2    5    1  1    2   0  1  1 2  26.685
  7   2    6    1  2    3   0  2  1 3  26.076
  8   1    1    0  0    5   1  1  2 3  29.368
  8   1    2    0  1    6   1  2  2 1  34.627
  8   1    3    0  2    4   1  0  2 2  27.021
  8   2    4    1  0    2   0  1  1 3  33.799
  8   2    5    1  1    3   0  2  1 1  43.408
  8   2    6    1  2    1   0  0  1 2  40.724
  9   1    1    0  0    6   1  2  2 2  19.946
  9   1    2    0  1    4   1  0  2 3  36.251
  9   1    3    0  2    5   1  1  2 1  29.726
  9   2    4    1  0    3   0  2  1 2  26.041
  9   2    5    1  1    1   0  0  1 3  53.162
  9   2    6    1  2    2   0  1  1 1  27.546
 10   1    1    0  0    4   1  0  1 1  77.787
 10   1    2    0  1    5   1  1  1 2  66.956
 10   1    3    0  2    6   1  2  1 3  51.114
 10   2    4    1  0    1   0  0  2 1  67.176
 10   2    5    1  1    2   0  1  2 2  38.774
 10   2    6    1  2    3   0  2  2 3  48.602
 11   1    1    0  0    5   1  1  1 3  26.584
 11   1    2    0  1    6   1  2  1 1  41.038
 11   1    3    0  2    4   1  0  1 2  47.183
 11   2    4    1  0    2   0  1  2 3  37.914
 11   2    5    1  1    3   0  2  2 1  30.026
 11   2    6    1  2    1   0  0  2 2  44.577
 12   1    1    0  0    6   1  2  1 2  31.994
 12   1    2    0  1    4   1  0  1 3  35.671
 12   1    3    0  2    5   1  1  1 1  30.146
 12   2    5    1  1    1   0  0  2 3  58.481
 12   2    6    1  2    2   0  1  2 1  62.659
