Run Block Pres Temp   ET   MC    y
  1   1    250   55  47.5  15  391.8 
  2   1    150   85  47.5  15  413.6
  3   1    250   55  22.5   5   68.7
  4   1    250   85  47.5   5  143.0
  5   1    150   85  22.5   5  104.0
  6   1    150   55  22.5  15  309.1
  7   1    200   70  35.0  10  400.6
  8   1    250   85  22.5  15  402.5
  9   1    150   55  47.5   5   77.7
 10   1    200   70  35.0  10  426.5
 11   2    250   85  47.5  15  457.5
 12   2    150   55  22.5   5   56.9
 13   2    250   85  22.5   5   94.1
 14   2    250   55  22.5  15  409.7
 15   2    150   55  47.5  15  410.9
 16   2    150   85  22.5  15  375.8
 17   2    150   85  47.5   5  110.5
 18   2    200   70  35.0  10  387.8
 19   2    250   55  47.5   5  103.0
 20   2    200   70  35.0  10  399.1
 21   3    200   70  35.0  10  416.9
 22   3    200   40  35.0  10  359.8
 23   3    200   70  10.0  10  276.1
 24   3    200   70  60.0  10  462.3
 25   3    100   70  35.0  10  311.5
 26   3    200   70  35.0  10  346.5
 27   3    200   70  35.0   0   46.8
 28   3    200   70  35.0  20  418.7
 29   3    200  100  35.0  10  413.9
 30   3    300   70  35.0  10  429.4