Block Day Exptr Trtmt   y
   1   1    1     4   0.459
   1   1    1     5   0.458
   1   1    1     1   0.482
   2   1    2     5   0.465
   2   1    2     6   0.467
   2   1    2     2   0.464
   3   1    3     6   0.472
   3   1    3     1   0.495
   3   1    3     3   0.473
   4   2    1     1   0.325
   4   2    1     2   0.296
   4   2    1     4   0.283
   5   2    2     2   0.390
   5   2    2     3   0.248
   5   2    2     5   0.410
   6   2    3     3   0.239
   6   2    3     4   0.350
   6   2    3     6   0.384