 A W B C Time
 1 1 1 1  29
 1 1 1 2  28
 1 1 1 3  49
 1 1 1 4  46
 1 1 2 1  36
 1 1 2 2  35
 1 1 2 3  42
 1 1 2 4  48
 1 2 1 1  26
 1 2 1 2  26
 1 2 1 3  53
 1 2 1 4  42
 1 2 2 1  35
 1 2 2 2  40
 1 2 2 3  46
 1 2 2 4  44
 1 3 1 1  33
 1 3 1 2  25
 1 3 1 3  45
 1 3 1 4  56
 1 3 2 1  34
 1 3 2 2  36
 1 3 2 3  40
 1 3 2 4  40
 1 4 1 1  27
 1 4 1 2  28
 1 4 1 3  44
 1 4 1 4  47
 1 4 2 1  36
 1 4 2 2  32
 1 4 2 3  50
 1 4 2 4  54
 1 5 1 1  31
 1 5 1 2  26
 1 5 1 3  47
 1 5 1 4  48
 1 5 2 1  33
 1 5 2 2  36
 1 5 2 3  44
 1 5 2 4  60
 1 6 1 1  28
 1 6 1 2  27
 1 6 1 3  51
 1 6 1 4  41
 1 6 2 1  31
 1 6 2 2  34
 1 6 2 3  38
 1 6 2 4  43
 1 7 1 1  34
 1 7 1 2  28
 1 7 1 3  57
 1 7 1 4  44
 1 7 2 1  34
 1 7 2 2  32
 1 7 2 3  49
 1 7 2 4  35
 1 8 1 1  25
 1 8 1 2  35
 1 8 1 3  50
 1 8 1 4  54
 1 8 2 1  35
 1 8 2 2  50
 1 8 2 3  45
 1 8 2 4  48
 2 1 1 1  15
 2 1 1 2  13
 2 1 1 3  16
 2 1 1 4  18
 2 1 2 1  21
 2 1 2 2  18
 2 1 2 3  20
 2 1 2 4  21
 2 2 1 1  12
 2 2 1 2  11
 2 2 1 3  19
 2 2 1 4  22
 2 2 2 1  18
 2 2 2 2  19
 2 2 2 3  25
 2 2 2 4  22
 2 3 1 1  14
 2 3 1 2  13
 2 3 1 3  21
 2 3 1 4  19
 2 3 2 1  25
 2 3 2 2  23
 2 3 2 3  21
 2 3 2 4  23
 2 4 1 1  18
 2 4 1 2  16
 2 4 1 3  17
 2 4 1 4  20
 2 4 2 1  24
 2 4 2 2  27
 2 4 2 3  25
 2 4 2 4  24
 2 5 1 1  15
 2 5 1 2  15
 2 5 1 3  18
 2 5 1 4  21
 2 5 2 1  19
 2 5 2 2  20
 2 5 2 3  21
 2 5 2 4  21
 2 6 1 1  13
 2 6 1 2  16
 2 6 1 3  19
 2 6 1 4  17
 2 6 2 1  21
 2 6 2 2  22
 2 6 2 3  23
 2 6 2 4  25
 2 7 1 1  17
 2 7 1 2  18
 2 7 1 3  20
 2 7 1 4  16
 2 7 2 1  22
 2 7 2 2  23
 2 7 2 3  27
 2 7 2 4  24
 2 8 1 1  14
 2 8 1 2  14
 2 8 1 3  16
 2 8 1 4  19
 2 8 2 1  20
 2 8 2 2  21
 2 8 2 3  22
 2 8 2 4  22